86,52
86,51
86,50
86,49
86,48
86,47
86,46
86,45
86,44
86,43
86,42
86,41
86,40
86,39
86,38
86,37
86,36
86,35
3,2
10,12
10,284
10,130
10,216
10,170
10,220
10,278
10,2
10,3
11,26
11,27
11,7
9,7
9,2
9,3
8,11
8,8
8,4
8,7
8,17
8,2
8,3
82,6
82,5
82,4
82,3
82,2
82,1
82,0
79,5
79,4
79,3
79,2
79,1
79,0
66,5
66,4
66,3
66,2
66,1
66,0
64,6
64,5
64,4
64,3
64,2
64,1
64,0
57,5
57,4
57,3
57,2
57,1
57,0
55,4
55,3
18,3
14,1
14,3
13,1
13,3
55,2
55,1
55,0
45,5
45,4
45,3
45,2
45,1
33,3
33,1
24,3
2,2
2,1
24,2
2,3
24,1
20,3
20,2
20,1
19,3
19,2
19,1
18,1
12,3
12,2
12,1
11,30
11,25
11,24
11,23
11,21
11,20
11,19
11,17
11,16
